# Blender v2.90.1 OBJ File: 'hand.blend'
# www.blender.org
v -0.001385 0.028900 0.085060
v 0.012262 0.028910 0.084294
v -0.008054 0.035631 -0.005256
v 0.008816 0.035920 -0.006425
v -0.000877 -0.050867 0.083229
v 0.012769 -0.050857 0.082463
v -0.006663 -0.055104 -0.007608
v 0.010208 -0.054815 -0.008776
vt 0.375000 0.000000
vt 0.625000 0.000000
vt 0.625000 0.250000
vt 0.375000 0.250000
vt 0.625000 0.500000
vt 0.375000 0.500000
vt 0.625000 0.750000
vt 0.375000 0.750000
vt 0.625000 1.000000
vt 0.375000 1.000000
vt 0.125000 0.500000
vt 0.125000 0.750000
vt 0.875000 0.500000
vt 0.875000 0.750000
vn -0.0050 0.9971 0.0760
vn -0.0695 0.0248 -0.9973
vn 0.0126 -0.9989 0.0444
vn 0.0560 -0.0226 0.9982
vn -0.9976 -0.0128 0.0684
vn 0.9994 0.0119 -0.0328
s off
f 1/1/1 2/2/1 4/3/1 3/4/1
f 3/4/2 4/3/2 8/5/2 7/6/2
f 7/6/3 8/5/3 6/7/3 5/8/3
f 5/8/4 6/7/4 2/9/4 1/10/4
f 3/11/5 7/6/5 5/8/5 1/12/5
f 8/5/6 4/13/6 2/14/6 6/7/6
v -0.010561 0.034481 -0.008190
v 0.005581 0.036289 -0.012904
v -0.024050 0.037816 -0.053103
v -0.007908 0.039624 -0.057817
v -0.008958 0.015189 -0.010104
v 0.007184 0.016998 -0.014818
v -0.022448 0.018524 -0.055017
v -0.006305 0.020333 -0.059731
vt 0.375000 0.000000
vt 0.625000 0.000000
vt 0.625000 0.250000
vt 0.375000 0.250000
vt 0.625000 0.500000
vt 0.375000 0.500000
vt 0.625000 0.750000
vt 0.375000 0.750000
vt 0.625000 1.000000
vt 0.375000 1.000000
vt 0.125000 0.500000
vt 0.125000 0.750000
vt 0.875000 0.500000
vt 0.875000 0.750000
vn -0.0824 0.9917 0.0984
vn -0.2869 0.0709 -0.9553
vn 0.0824 -0.9917 -0.0984
vn 0.2869 -0.0709 0.9553
vn -0.9544 -0.1069 0.2787
vn 0.9544 0.1069 -0.2787
s off
f 9/15/7 10/16/7 12/17/7 11/18/7
f 11/18/8 12/17/8 16/19/8 15/20/8
f 15/20/9 16/19/9 14/21/9 13/22/9
f 13/22/10 14/21/10 10/23/10 9/24/10
f 11/25/11 15/20/11 13/22/11 9/26/11
f 16/19/12 12/27/12 10/28/12 14/21/12
v -0.008492 0.008946 -0.009729
v 0.007589 0.010819 -0.014622
v -0.024454 0.010920 -0.061430
v -0.008373 0.012793 -0.066324
v -0.006641 -0.010374 -0.011038
v 0.009441 -0.008501 -0.015931
v -0.022602 -0.008400 -0.062740
v -0.006521 -0.006527 -0.067633
vt 0.375000 0.000000
vt 0.625000 0.000000
vt 0.625000 0.250000
vt 0.375000 0.250000
vt 0.625000 0.500000
vt 0.375000 0.500000
vt 0.625000 0.750000
vt 0.375000 0.750000
vt 0.625000 1.000000
vt 0.375000 1.000000
vt 0.125000 0.500000
vt 0.125000 0.750000
vt 0.875000 0.500000
vt 0.875000 0.750000
vn -0.0952 0.9932 0.0673
vn -0.2948 0.0365 -0.9549
vn 0.0952 -0.9932 -0.0673
vn 0.2948 -0.0365 0.9549
vn -0.9508 -0.1107 0.2893
vn 0.9508 0.1107 -0.2893
s off
f 17/29/13 18/30/13 20/31/13 19/32/13
f 19/32/14 20/31/14 24/33/14 23/34/14
f 23/34/15 24/33/15 22/35/15 21/36/15
f 21/36/16 22/35/16 18/37/16 17/38/16
f 19/39/17 23/34/17 21/36/17 17/40/17
f 24/33/18 20/41/18 18/42/18 22/35/18
v -0.007242 -0.014884 -0.010548
v 0.009032 -0.014337 -0.015124
v -0.018912 -0.014444 -0.052005
v -0.002639 -0.013896 -0.056580
v -0.006741 -0.032498 -0.010876
v 0.009532 -0.031951 -0.015452
v -0.018412 -0.032057 -0.052333
v -0.002139 -0.031510 -0.056908
vt 0.375000 0.000000
vt 0.625000 0.000000
vt 0.625000 0.250000
vt 0.375000 0.250000
vt 0.625000 0.500000
vt 0.375000 0.500000
vt 0.625000 0.750000
vt 0.375000 0.750000
vt 0.625000 1.000000
vt 0.375000 1.000000
vt 0.125000 0.500000
vt 0.125000 0.750000
vt 0.875000 0.500000
vt 0.875000 0.750000
vn -0.0284 0.9994 0.0186
vn -0.2710 0.0102 -0.9625
vn 0.0284 -0.9994 -0.0186
vn 0.2710 -0.0102 0.9625
vn -0.9622 -0.0324 0.2705
vn 0.9622 0.0324 -0.2705
s off
f 25/43/19 26/44/19 28/45/19 27/46/19
f 27/46/20 28/45/20 32/47/20 31/48/20
f 31/48/21 32/47/21 30/49/21 29/50/21
f 29/50/22 30/49/22 26/51/22 25/52/22
f 27/53/23 31/48/23 29/50/23 25/54/23
f 32/47/24 28/55/24 26/56/24 30/49/24
v -0.025175 0.037965 -0.053450
v -0.011110 0.039960 -0.062630
v -0.047871 0.040354 -0.087705
v -0.033807 0.042350 -0.096885
v -0.023878 0.018681 -0.055655
v -0.009813 0.020677 -0.064835
v -0.046574 0.021071 -0.089910
v -0.032510 0.023066 -0.099090
vt 0.375000 0.000000
vt 0.625000 0.000000
vt 0.625000 0.250000
vt 0.375000 0.250000
vt 0.625000 0.500000
vt 0.375000 0.500000
vt 0.625000 0.750000
vt 0.375000 0.750000
vt 0.625000 1.000000
vt 0.375000 1.000000
vt 0.125000 0.500000
vt 0.125000 0.750000
vt 0.875000 0.500000
vt 0.875000 0.750000
vn -0.0667 0.9913 0.1133
vn -0.5514 0.0581 -0.8322
vn 0.0667 -0.9913 -0.1133
vn 0.5514 -0.0581 0.8322
vn -0.8316 -0.1180 0.5427
vn 0.8316 0.1180 -0.5427
s off
f 33/57/25 34/58/25 36/59/25 35/60/25
f 35/60/26 36/59/26 40/61/26 39/62/26
f 39/62/27 40/61/27 38/63/27 37/64/27
f 37/64/28 38/63/28 34/65/28 33/66/28
f 35/67/29 39/62/29 37/64/29 33/68/29
f 40/61/30 36/69/30 34/70/30 38/63/30
v -0.025824 0.011507 -0.061474
v -0.011587 0.013391 -0.070407
v -0.048617 0.012604 -0.097568
v -0.034379 0.014488 -0.106501
v -0.024257 -0.007818 -0.063051
v -0.010019 -0.005934 -0.071984
v -0.047049 -0.006721 -0.099145
v -0.032811 -0.004837 -0.108078
vt 0.375000 0.000000
vt 0.625000 0.000000
vt 0.625000 0.250000
vt 0.375000 0.250000
vt 0.625000 0.500000
vt 0.375000 0.500000
vt 0.625000 0.750000
vt 0.375000 0.750000
vt 0.625000 1.000000
vt 0.375000 1.000000
vt 0.125000 0.500000
vt 0.125000 0.750000
vt 0.875000 0.500000
vt 0.875000 0.750000
vn -0.0806 0.9934 0.0811
vn -0.5338 0.0257 -0.8453
vn 0.0806 -0.9934 -0.0811
vn 0.5338 -0.0257 0.8453
vn -0.8418 -0.1114 0.5282
vn 0.8418 0.1114 -0.5282
s off
f 41/71/31 42/72/31 44/73/31 43/74/31
f 43/74/32 44/73/32 48/75/32 47/76/32
f 47/76/33 48/75/33 46/77/33 45/78/33
f 45/78/34 46/77/34 42/79/34 41/80/34
f 43/81/35 47/76/35 45/78/35 41/82/35
f 48/75/36 44/83/36 42/84/36 46/77/36
v -0.019676 -0.014397 -0.052382
v -0.005143 -0.013823 -0.061015
v -0.039721 -0.014337 -0.086122
v -0.025188 -0.013764 -0.094755
v -0.019171 -0.032161 -0.052713
v -0.004639 -0.031588 -0.061346
v -0.039217 -0.032102 -0.086453
v -0.024684 -0.031529 -0.095086
vt 0.375000 0.000000
vt 0.625000 0.000000
vt 0.625000 0.250000
vt 0.375000 0.250000
vt 0.625000 0.500000
vt 0.375000 0.500000
vt 0.625000 0.750000
vt 0.375000 0.750000
vt 0.625000 1.000000
vt 0.375000 1.000000
vt 0.125000 0.500000
vt 0.125000 0.750000
vt 0.875000 0.500000
vt 0.875000 0.750000
vn -0.0284 0.9994 0.0186
vn -0.5108 0.0015 -0.8597
vn 0.0284 -0.9994 -0.0186
vn 0.5108 -0.0015 0.8597
vn -0.8592 -0.0339 0.5104
vn 0.8592 0.0339 -0.5104
s off
f 49/85/37 50/86/37 52/87/37 51/88/37
f 51/88/38 52/87/38 56/89/38 55/90/38
f 55/90/39 56/89/39 54/91/39 53/92/39
f 53/92/40 54/91/40 50/93/40 49/94/40
f 51/95/41 55/90/41 53/92/41 49/96/41
f 56/89/42 52/97/42 50/98/42 54/91/42
v -0.009989 0.051511 0.065661
v -0.000561 0.065343 0.064337
v -0.024915 0.057991 0.027085
v -0.015486 0.071823 0.025760
v 0.006312 0.039604 0.057354
v 0.015741 0.053436 0.056029
v -0.008614 0.046083 0.018777
v 0.000815 0.059916 0.017453
vt 0.375000 0.000000
vt 0.625000 0.000000
vt 0.625000 0.250000
vt 0.375000 0.250000
vt 0.625000 0.500000
vt 0.375000 0.500000
vt 0.625000 0.750000
vt 0.375000 0.750000
vt 0.625000 1.000000
vt 0.375000 1.000000
vt 0.125000 0.500000
vt 0.125000 0.750000
vt 0.875000 0.500000
vt 0.875000 0.750000
vn -0.7468 0.5455 0.3806
vn -0.3565 0.1548 -0.9214
vn 0.7468 -0.5455 -0.3806
vn 0.3565 -0.1548 0.9214
vn -0.5615 -0.8237 0.0789
vn 0.5615 0.8237 -0.0789
s off
f 57/99/43 58/100/43 60/101/43 59/102/43
f 59/102/44 60/101/44 64/103/44 63/104/44
f 63/104/45 64/103/45 62/105/45 61/106/45
f 61/106/46 62/105/46 58/107/46 57/108/46
f 59/109/47 63/104/47 61/106/47 57/110/47
f 64/103/48 60/111/48 58/112/48 62/105/48
v -0.006725 -0.038551 -0.010014
v 0.009467 -0.038227 -0.014890
v -0.017545 -0.039421 -0.046000
v -0.001353 -0.039097 -0.050876
v -0.006328 -0.054449 -0.009749
v 0.009864 -0.054125 -0.014626
v -0.017147 -0.055318 -0.045736
v -0.000955 -0.054994 -0.050612
vt 0.375000 0.000000
vt 0.625000 0.000000
vt 0.625000 0.250000
vt 0.375000 0.250000
vt 0.625000 0.500000
vt 0.375000 0.500000
vt 0.625000 0.750000
vt 0.375000 0.750000
vt 0.625000 1.000000
vt 0.375000 1.000000
vt 0.125000 0.500000
vt 0.125000 0.750000
vt 0.875000 0.500000
vt 0.875000 0.750000
vn -0.0250 0.9995 -0.0166
vn -0.2879 -0.0231 -0.9574
vn 0.0250 -0.9995 0.0166
vn 0.2879 0.0231 0.9574
vn -0.9573 -0.0191 0.2883
vn 0.9573 0.0191 -0.2883
s off
f 65/113/49 66/114/49 68/115/49 67/116/49
f 67/116/50 68/115/50 72/117/50 71/118/50
f 71/118/51 72/117/51 70/119/51 69/120/51
f 69/120/52 70/119/52 66/121/52 65/122/52
f 67/123/53 71/118/53 69/120/53 65/124/53
f 72/117/54 68/125/54 66/126/54 70/119/54
v -0.017719 -0.039433 -0.047417
v -0.002918 -0.039345 -0.055601
v -0.033469 -0.039526 -0.075902
v -0.018668 -0.039437 -0.084087
v -0.017623 -0.055548 -0.047418
v -0.002821 -0.055459 -0.055602
v -0.033373 -0.055640 -0.075903
v -0.018572 -0.055552 -0.084087
vt 0.375000 0.000000
vt 0.625000 0.000000
vt 0.625000 0.250000
vt 0.375000 0.250000
vt 0.625000 0.500000
vt 0.375000 0.500000
vt 0.625000 0.750000
vt 0.375000 0.750000
vt 0.625000 1.000000
vt 0.375000 1.000000
vt 0.125000 0.500000
vt 0.125000 0.750000
vt 0.875000 0.500000
vt 0.875000 0.750000
vn -0.0060 1.0000 0.0001
vn -0.4839 -0.0028 -0.8751
vn 0.0060 -1.0000 -0.0001
vn 0.4839 0.0028 0.8751
vn -0.8751 -0.0052 0.4839
vn 0.8751 0.0052 -0.4839
s off
f 73/127/55 74/128/55 76/129/55 75/130/55
f 75/130/56 76/129/56 80/131/56 79/132/56
f 79/132/57 80/131/57 78/133/57 77/134/57
f 77/134/58 78/133/58 74/135/58 73/136/58
f 75/137/59 79/132/59 77/134/59 73/138/59
f 80/131/60 76/139/60 74/140/60 78/133/60
v -0.025987 0.058941 0.023445
v -0.018550 0.073332 0.019022
v -0.044240 0.058503 -0.008671
v -0.036803 0.072894 -0.013094
v -0.009655 0.047695 0.014317
v -0.002218 0.062086 0.009893
v -0.027908 0.047257 -0.017799
v -0.020471 0.061648 -0.022223
vt 0.375000 0.000000
vt 0.625000 0.000000
vt 0.625000 0.250000
vt 0.375000 0.250000
vt 0.625000 0.500000
vt 0.375000 0.500000
vt 0.625000 0.750000
vt 0.375000 0.750000
vt 0.625000 1.000000
vt 0.375000 1.000000
vt 0.125000 0.500000
vt 0.125000 0.750000
vt 0.875000 0.500000
vt 0.875000 0.750000
vn -0.7482 0.5152 0.4182
vn -0.4941 -0.0119 -0.8693
vn 0.7482 -0.5152 -0.4182
vn 0.4941 0.0119 0.8693
vn -0.4429 -0.8570 0.2634
vn 0.4429 0.8570 -0.2634
s off
f 81/141/61 82/142/61 84/143/61 83/144/61
f 83/144/62 84/143/62 88/145/62 87/146/62
f 87/146/63 88/145/63 86/147/63 85/148/63
f 85/148/64 86/147/64 82/149/64 81/150/64
f 83/151/65 87/146/65 85/148/65 81/152/65
f 88/145/66 84/153/66 82/154/66 86/147/66
